MANUAL

2.208639e+00 1.054514e+00 3.638710e-01 1.016405e+00 1.018756e+00 1.018576e+00 -4.064292e-03 -4.383641e-03 -4.859623e-03 -5.952036e-03 2.386640e-02 -4.852485e-03
2.208639e+00 1.054514e+00 3.638710e-01 1.016734e+00 1.018223e+00 1.018500e+00 -4.062573e-03 -5.068396e-03 -6.976794e-03 -4.857200e-03 2.422331e-02 -2.383645e-03
2.208639e+00 1.054514e+00 3.638710e-01 1.015053e+00 1.017317e+00 1.019457e+00 -3.885755e-03 -4.990004e-03 -8.368066e-03 -4.890370e-03 2.520434e-02 -3.143373e-03

GUIDED
2.208639e+00 1.054514e+00 3.638710e-01 1.016665e+00 1.018115e+00 1.018759e+00 -3.838071e-03 -5.088822e-03 -7.593692e-03 -4.829149e-03 2.293566e-02 -2.796558e-03
2.208639e+00 1.054514e+00 3.638710e-01 1.015609e+00 1.018037e+00 1.018468e+00 -3.845838e-03 -5.028799e-03 -8.329369e-03 -4.554043e-03 2.490878e-02 -2.485733e-03
2.208639e+00 1.054514e+00 3.638710e-01 1.014881e+00 1.017796e+00 1.019123e+00 -3.713031e-03 -4.936903e-03 -9.052872e-03 -4.412869e-03 2.535385e-02 -3.351337e-03

TURNTABLE
2.208639e+00 1.054514e+00 3.638710e-01 1.027643e+00 1.014886e+00 1.034049e+00 -1.488860e-02 -2.007437e-02 -8.234341e-02 -1.152970e-03 1.046910e-01 -3.721167e-03
2.208639e+00 1.054514e+00 3.638710e-01 1.024559e+00 1.014949e+00 1.032914e+00 -1.441238e-02 -1.965706e-02 -8.365462e-02 -1.417492e-03 1.037857e-01 -5.329449e-03
2.208639e+00 1.054514e+00 3.638710e-01 1.026281e+00 1.015520e+00 1.031672e+00 -1.440362e-02 -1.948780e-02 -8.003388e-02 -1.463588e-03 1.011927e-01 -3.852281e-03




UUS

MANUAL
2.208639e+00 1.054514e+00 3.638710e-01 9.694575e-01 1.041154e+00 1.012957e+00 5.546406e-02 -3.537538e-02 -1.332071e-01 -3.962531e-02 -1.927680e-02 -2.741722e-02


GUIDED
2.208639e+00 1.054514e+00 3.638710e-01 9.973547e-01 1.017101e+00 1.008306e+00 2.096329e-02 -1.105739e-02 1.618359e-02 7.061111e-03 1.804197e-02 -2.586831e-02
2.208639e+00 1.054514e+00 3.638710e-01 9.969416e-01 1.016742e+00 1.008497e+00 2.108629e-02 -1.106229e-02 1.646032e-02 6.984409e-03 1.920490e-02 -2.392182e-02
2.208639e+00 1.054514e+00 3.638710e-01 9.932204e-01 1.040670e+00 1.009309e+00 1.222662e-02 -1.336374e-02 3.564943e-03 1.107066e-02 9.445535e-03 -2.841376e-02

TURNTABLE
2.208639e+00 1.054514e+00 3.638710e-01 1.027643e+00 1.014886e+00 1.034049e+00 -1.488860e-02 -2.007437e-02 -8.234341e-02 -1.152970e-03 1.046910e-01 -3.721167e-03
2.208639e+00 1.054514e+00 3.638710e-01 1.024559e+00 1.014949e+00 1.032914e+00 -1.441238e-02 -1.965706e-02 -8.365462e-02 -1.417492e-03 1.037857e-01 -5.329449e-03
2.208639e+00 1.054514e+00 3.638710e-01 1.026281e+00 1.015520e+00 1.031672e+00 -1.440362e-02 -1.948780e-02 -8.003388e-02 -1.463588e-03 1.011927e-01 -3.852281e-03

